$ 1 0.000005 10.20027730826997 50 5 50 5e-11

154 272 224 448 224 0 2 0 5

162 848 16 960 16 2 default-led 1 0 0 0.01

w 128 96 176 96 0

w 176 96 176 80 0

w 176 80 272 80 0

w 272 144 272 112 0

154 528 112 704 112 0 2 0 5

w 448 96 512 96 0

w 112 448 496 448 0

154 272 96 448 96 0 2 5 5

w 496 448 528 448 0

w 512 96 528 96 0

w 176 96 176 192 0

w 176 192 176 208 0

w 176 208 272 208 0

w 272 304 272 240 0

154 544 240 720 240 0 2 5 5

w 448 224 544 224 0

w 544 256 528 256 0

154 320 352 496 352 0 2 5 5

w 272 144 304 144 0

w 304 144 304 336 0

w 304 336 320 336 0

w 272 304 272 368 0

w 272 368 320 368 0

154 544 368 720 368 0 2 0 5

w 544 352 496 352 0

w 544 384 528 384 0

162 848 96 960 96 2 default-led 1 0 0 0.01

162 848 192 960 192 2 default-led 1 0 0 0.01

162 848 288 960 288 2 default-led 1 0 0 0.01

162 848 368 960 368 2 default-led 1 0 0 0.01

162 848 464 960 464 2 default-led 1 0 0 0.01

162 848 544 960 544 2 default-led 1 0 0 0.01

w 704 112 752 112 0

w 752 112 752 16 0

w 720 240 720 96 0

w 720 368 768 368 0

w 768 368 768 288 0

w 848 -16 336 -16 0

w 336 -16 160 -16 0

w 144 -16 128 -16 0

w 128 -16 128 96 0

w 848 368 816 368 0

w 816 -80 240 -80 0

w 224 -80 224 144 0

w 528 544 528 448 0

w 848 656 208 656 0

w 208 656 208 304 0

g 1088 592 1088 672 0 0

w 960 16 1088 16 0

w 960 96 1088 96 0

w 960 192 1088 192 0

w 960 288 1088 288 0

w 960 368 1088 368 0

w 960 464 1088 464 0

w 960 544 1088 544 0

L 128 96 0 96 0 0 false 5 0

L 128 144 0 144 0 1 false 5 0

L 112 304 0 304 0 0 false 5 0

L 112 448 0 448 0 1 false 5 0

w 160 -16 144 -16 0

w 128 144 224 144 0

w 224 144 272 144 0

w 224 -80 240 -80 0

w 528 448 528 384 0

w 528 384 528 256 0

w 528 256 528 128 0

w 112 304 208 304 0

w 208 304 272 304 0

w 1088 16 1088 96 0

w 1088 96 1088 192 0

w 1088 192 1088 288 0

w 1088 288 1088 368 0

w 1088 368 1088 464 0

w 1088 464 1088 544 0

w 1088 544 1088 592 0

w 960 416 1152 416 0

w 960 336 1152 336 0

w 960 240 1152 240 0

w 960 144 1136 144 0

w 960 64 1152 64 0

w 960 -48 1152 -48 0

w 960 608 1168 608 0

154 1232 -32 1408 -32 0 2 0 5

154 1232 80 1408 80 0 2 0 5

154 1232 160 1408 160 0 2 0 5

154 1232 256 1408 256 0 2 0 5

154 1232 352 1408 352 0 2 5 5

154 1232 432 1408 432 0 2 0 5

154 1248 624 1424 624 0 2 5 5

L 1248 640 1136 640 0 0 false 5 0

L 1232 368 1120 368 0 0 false 5 0

L 1232 272 1120 272 0 0 false 5 0

L 1232 448 1120 448 0 0 false 5 0

L 1232 96 1120 96 0 1 false 5 0

L 1232 176 1120 176 0 0 false 5 0

L 1232 -16 1120 -16 0 0 false 5 0

w 1152 -48 1232 -48 0

w 1152 64 1232 64 0

w 1136 144 1232 144 0

w 1152 336 1232 336 0

w 1152 416 1232 416 0

w 1168 608 1248 608 0

w 1152 240 1216 240 0

w 1216 240 1232 240 0

154 1936 1072 2112 1072 0 2 5 5

154 1936 784 2112 784 0 2 5 5

154 1936 864 2112 864 0 2 5 5

154 1936 960 2112 960 0 2 0 5

154 1936 1152 2112 1152 0 2 5 5

154 1920 1248 2096 1248 0 2 5 5

154 2256 832 2432 832 0 2 0 5

154 2256 1008 2432 1008 0 2 5 5

154 2240 1184 2416 1184 0 2 0 5

w 2112 784 2240 784 0

w 2240 784 2256 784 0

w 2256 784 2256 816 0

w 2112 864 2256 864 0

w 2256 864 2256 848 0

w 2112 960 2256 960 0

w 2256 960 2256 992 0

w 2112 1072 2256 1072 0

w 2256 1072 2256 1024 0

w 2112 1152 2240 1152 0

w 2240 1152 2240 1168 0

w 2096 1248 2224 1248 0

w 2224 1248 2240 1248 0

w 2240 1248 2240 1200 0

w 1408 160 1776 160 0

w 1776 160 1776 752 0

w 1776 752 1936 752 0

w 1936 752 1936 768 0

w 1776 752 1776 944 0

w 1776 944 1936 944 0

w 1408 352 1888 352 0

w 1888 352 1888 800 0

w 1888 800 1936 800 0

w 1888 800 1888 1136 0

w 1888 1136 1936 1136 0

w 1408 432 1840 432 0

w 1840 432 1840 976 0

w 1840 976 1936 976 0

w 1840 976 1840 1168 0

w 1840 1168 1936 1168 0

w 1424 624 1632 624 0

w 1632 624 1632 832 0

w 1632 832 1936 848 0

w 1632 832 1632 1024 0

w 1632 1024 1936 1056 0

w 1632 1024 1632 1216 0

w 1632 1216 1920 1232 0

w 1408 -32 1808 -32 0

w 1808 -32 1808 880 0

w 1408 256 1664 256 0

w 1808 880 1936 880 0

w 1664 256 1664 1280 0

w 1664 1280 1920 1280 0

w 1920 1280 1920 1264 0

w 1408 80 1712 80 0

w 1712 80 1712 1072 0

w 1712 1072 1936 1088 0

154 3552 -32 3728 -32 0 2 0 5

154 3552 112 3728 112 0 2 5 5

154 3552 256 3728 256 0 2 0 5

154 3552 432 3728 432 0 2 4.999999999999999 5

w 1776 160 2000 160 0

w 2000 160 2000 -112 0

w 2000 -112 3552 -112 0

w 3552 -112 3552 -64 0

w 3552 -64 3552 -48 0

w 1888 352 2080 352 0

w 2080 352 2080 96 0

w 2080 96 3552 96 0

w 1840 432 2208 432 0

w 2208 432 2208 240 0

w 2208 240 3552 240 0

w 1632 624 2368 624 0

w 2368 624 2368 416 0

w 2368 416 3552 416 0

162 3728 -32 3840 -32 2 default-led 1 0 0 0.01

162 3728 112 3840 112 2 default-led 1 0 0 0.01

162 3728 256 3840 256 2 default-led 1 0 0 0.01

162 3728 432 3840 432 2 default-led 1 0 0 0.01

150 2800 736 2992 736 0 3 0 5

150 2800 1024 2992 1024 0 3 0 5

150 2800 1200 2992 1200 0 3 0 5

150 2800 864 2992 864 0 3 0 5

w 2416 1184 2496 1184 0

w 2496 1184 2496 1216 0

I 2720 1232 2784 1232 0 0.5 5

w 2496 1216 2496 1232 0

w 2496 1232 2720 1232 0

w 2784 1232 2784 1216 0

w 2784 1216 2800 1216 0

w 2496 752 2800 752 0

w 2800 1184 2528 1184 0

w 2528 720 2800 720 0

I 2736 1072 2800 1072 0 0.5 5

w 2800 1072 2800 1040 0

w 2528 1184 2528 1072 0

w 2528 1072 2736 1072 0

w 2528 1072 2528 848 0

w 2528 848 2800 848 0

w 2800 1200 2512 1200 0

w 2512 1200 2512 1008 0

w 2512 736 2800 736 0

w 2432 1008 2512 1008 0

I 2736 912 2800 912 0 0.5 5

w 2800 912 2800 880 0

w 2800 864 2496 864 0

w 2496 752 2496 864 0

w 2800 1024 2496 1024 0

w 2496 864 2496 1024 0

w 2496 1024 2496 1184 0

w 2800 1008 2512 1008 0

w 2432 832 2528 832 0

w 2528 848 2528 832 0

w 2528 832 2528 720 0

w 2736 912 2512 912 0

w 2512 1008 2512 912 0

w 2512 912 2512 736 0

w 2992 720 2992 448 0

w 2992 448 3552 448 0

w 2992 736 2992 720 0

w 2992 864 3024 864 0

w 3024 864 3024 272 0

w 3024 272 3024 128 0

w 3024 128 3552 128 0

w 2992 1024 3072 1024 0

w 3072 1024 3072 272 0

w 3072 272 3552 272 0

w 2992 1200 3184 1200 0

w 3184 1200 3184 -16 0

w 3184 -16 3552 -16 0

w 3024 864 3520 864 0

w 3072 1024 3520 1024 0

w 3184 1200 3472 1200 0

w 3472 1200 3520 1200 0

w 2992 736 3520 736 0

w 3840 -32 3840 112 0

w 3840 112 3840 256 0

w 3840 256 3840 432 0

w 3840 432 3840 512 0

g 3840 512 3840 576 0 0

w 960 416 848 416 0

w 784 416 784 512 0

w 848 656 848 608 0

w 960 608 896 608 0

w 816 -80 816 320 0

w 960 336 816 320 0

w 816 320 816 368 0

w 960 240 848 240 0

w 848 240 800 240 0

w 800 240 800 288 0

w 768 288 800 288 0

w 800 288 848 288 0

w 960 144 848 144 0

w 848 144 848 192 0

w 848 -16 848 48 0

w 848 48 848 144 0

w 752 16 832 16 0

w 960 -48 832 -48 0

w 832 -48 832 16 0

w 832 16 848 16 0

w 848 416 816 416 0

w 816 416 784 416 0

w 896 608 800 608 0

w 800 608 816 544 0

w 528 544 816 544 0

w 816 544 848 544 0

w 784 512 848 512 0

w 848 608 848 512 0

w 848 512 848 464 0

w 960 64 784 64 0

w 784 64 784 96 0

w 720 96 784 96 0

w 784 96 848 96 0

